12402946
19621986
19242411
21249155
9191845
9261448
9343234
9930876
10196337
9100991
9621027
9094687
9087484
9770526
9616227
9445004
9343219
9343223
9519894
9360927
9360926
9525623
10195246
9546806
9499111
9591718
9499103
9733867
9765443
9718128
10559335
9582120
9847317
9788681
9696803
9814860
9733896
10610625
10681363
10954550
10341272
10074209
10341345
9854115
10191233
10082119
10381169
10364298
10559367
10400718
10720511
10843533
10364500
11054259
10516049
10339592
10559349
10606091
10669331
11035611
11399954
10982369
11114828
10871768
11135618
10882582
10623731
10671334
10775626
10982382
10964782
10749578
10882584
11242522
10864663
10984542
11148222
11177395
11429108
11023458
11018071
11106537
11044070
11090186
11741169
11170983
11522189
11343221
11294662
11372025
11312368
11312658
11464140
11557462
11353775
11799165
11958688
11509999
16123677
11752161
11581376
11865396
11991972
11752155
12816082
12083326
12396455
12131189
11984599
12167277
12234866
12134253
12473838
12368317
12908933
14502005
15075531
12663790
9100996
15097307
11070028
12435711
14513418
11839150
12239333
12857914
23175380
12163605
12502818
12370511
12512513
12487821
12634405
12584337
12646921
12908935
15219385
12768001
15128813
14554089
14601580
14678608
15596829
14557540
15117455
15452249
15272396
16103205
15186520
15585092
17570120
18936487
15186524
15044802
15220431
14694128
15302212
14963120
15266112
15194805
15097303
15630452
15184461
15194768
15346349
15380360
15585102
21745672
17239419
15821393
16051856
15518810
15452240
15989462
17331025
16272358
15943572
15995959
15767414
15564517
15753288
16051804
15717264
15867093
15650202
16218804
16820061
16340480
15914227
12768008
16103186
16188997
16227247
16478402
10708437
16999983
16831085
16309726
16227248
16339909
16682496
16415019
17113201
16501114
16973562
17707072
16775332
16699001
16868498
17169395
16897661
10754183
19303619
17147509
16775339
17331041
17065207
17411382
17083034
17209769
17982054
17105339
17678469
17919104
17502727
17164002
17067272
17604548
17272680
17311088
18385252
17411371
18328091
18426336
17638203
18160019
17604538
17722977
18184346
17967058
17804494
8995695
18314205
18020705
18199650
18729771
18354235
20570309
18427205
19005274
18684096
18077705
18788913
18501607
18490657
15567861
18353964
18495779
12167680
19543283
22049908
19622045
19143562
17721546
19397401
19935211
25417740
19133804
18973914
18842728
19193811
19349849
19036810
19119321
19297481
20231027
15935415
19678768
19690614
20334562
19695656
19542300
19474105
20964479
19479055
19553323
19841572
19890401
19605490
20623996
19759830
19268337
19770693
20039801
19763269
20015984
19706711
21347424
19838296
20377428
22189822
20666602
20977301
21036380
20485520
20810731
20071586
20231689
20519388
22433432
20352106
21350368
21191008
20854199
21124203
21698149
20671542
21417757
21819257
21460326
21054214
20921899
20660189
21980282
21264288
20926564
21399681
21673043
21451005
22693444
21289112
22156527
21573003
22132100
10233934
12812340
20592088
22647702
22815273
12363071
16824937
20507696
19193262
18436323
10622305
14718086
15527855
16229779
16033965
16102323
16973548
17321561
17553276
17694056
15070997
19961306
21477835
21801643
